### 예졔 : 1이 연달아 나오는 부분 찾기 
y <- c(1,0,1,1,1,0,1,0,1,1,0,1,1,0,0,0,1,1,1,1,0,1,1,1,0,1,1,0,0,0,0,1,1,1,1,0,1,1,1,0,1,0,1,1,0,1,1,0,0,0,1,1,1,1,0,1,1,1,0,1,1,0,0,0,0,1,1,1,1,0,1,1,1,0,1,0,1,1,0,1,1,0,0,0,1,1,1,1,0,1,1,1,0,1,1,0,0,0,0,1,1,1,1,0,1,1,1,0,1,0,1,1,0,1,1,0,0,0,1,1,1,1,0,1,1,1,0,1,1,0,0,0,0,1,1,1,
       1,0,1,1,1,0,1,0,1,1,0,1,1,0,0,0,1,1,1,1,0,1,1,1,0,1,1,0,0,0,0,1,1,1,1,0,1,1,1,0,1,0,1,1,0,1,1,0,0,0,1,1,1,1,0,1,1,1,0,1,1,0,0,0,0,1,1,1,1,0,1,1,1,0,1,0,1,1,0,1,1,0,0,0,1,1,1,1,0,1,1,1,0,1,1,0,0,0,0,1,1,1,1,0,1,1,1,0,1,0,1,1,0,1,1,0,0,0,1,1,1,1,0,1,1,1,0,1,1,0,0,0,0,1,1,1,
       1,0,1,1,1,0,1,0,1,1,0,1,1,0,0,0,1,1,1,1,0,1,1,1,0,1,1,0,0,0,0,1,1,1,1,0,1,1,1,0,1,0,1,1,0,1,1,0,0,0,1,1,1,1,0,1,1,1,0,1,1,0,0,0,0,1,1,1,1,0,1,1,1,0,1,0,1,1,0,1,1,0,0,0,1,1,1,1,0,1,1,1,0,1,1,0,0,0,0,1,1,1,1,0,1,1,1,0,1,0,1,1,0,1,1,0,0,0,1,1,1,1,0,1,1,1,0,1,1,0,0,0,0,1,1,1,
       1,0,1,1,1,0,1,0,1,1,0,1,1,0,0,0,1,1,1,1,0,1,1,1,0,1,1,0,0,0,0,1,1,1,1,0,1,1,1,0,1,0,1,1,0,1,1,0,0,0,1,1,1,1,0,1,1,1,0,1,1,0,0,0,0,1,1,1,1,0,1,1,1,0,1,0,1,1,0,1,1,0,0,0,1,1,1,1,0,1,1,1,0,1,1,0,0,0,0,1,1,1,1,0,1,1,1,0,1,0,1,1,0,1,1,0,0,0,1,1,1,1,0,1,1,1,0,1,1,0,0,0,0,1,1,1,
       1,0,1,1,1,0,1,0,1,1,0,1,1,0,0,0,1,1,1,1,0,1,1,1,0,1,1,0,0,0,0,1,1,1,1,0,1,1,1,0,1,0,1,1,0,1,1,0,0,0,1,1,1,1,0,1,1,1,0,1,1,0,0,0,0,1,1,1,1,0,1,1,1,0,1,0,1,1,0,1,1,0,0,0,1,1,1,1,0,1,1,1,0,1,1,0,0,0,0,1,1,1,1,0,1,1,1,0,1,0,1,1,0,1,1,0,0,0,1,1,1,1,0,1,1,1,0,1,1,0,0,0,0,1,1,1,
       1,0,1,1,1,0,1,0,1,1,0,1,1,0,0,0,1,1,1,1,0,1,1,1,0,1,1,0,0,0,0,1,1,1,1,0,1,1,1,0,1,0,1,1,0,1,1,0,0,0,1,1,1,1,0,1,1,1,0,1,1,0,0,0,0,1,1,1,1,0,1,1,1,0,1,0,1,1,0,1,1,0,0,0,1,1,1,1,0,1,1,1,0,1,1,0,0,0,0,1,1,1,1,0,1,1,1,0,1,0,1,1,0,1,1,0,0,0,1,1,1,1,0,1,1,1,0,1,1,0,0,0,0,1,1,1,
       1,0,1,1,1,0,1,0,1,1,0,1,1,0,0,0,1,1,1,1,0,1,1,1,0,1,1,0,0,0,0,1,1,1,1,0,1,1,1,0,1,0,1,1,0,1,1,0,0,0,1,1,1,1,0,1,1,1,0,1,1,0,0,0,0,1,1,1,1,0,1,1,1,0,1,0,1,1,0,1,1,0,0,0,1,1,1,1,0,1,1,1,0,1,1,0,0,0,0,1,1,1,1,0,1,1,1,0,1,0,1,1,0,1,1,0,0,0,1,1,1,1,0,1,1,1,0,1,1,0,0,0,0,1,1,1,
       1,0,1,1,1,0,1,0,1,1,0,1,1,0,0,0,1,1,1,1,0,1,1,1,0,1,1,0,0,0,0,1,1,1,1,0,1,1,1,0,1,0,1,1,0,1,1,0,0,0,1,1,1,1,0,1,1,1,0,1,1,0,0,0,0,1,1,1,1,0,1,1,1,0,1,0,1,1,0,1,1,0,0,0,1,1,1,1,0,1,1,1,0,1,1,0,0,0,0,1,1,1,1,0,1,1,1,0,1,0,1,1,0,1,1,0,0,0,1,1,1,1,0,1,1,1,0,1,1,0,0,0,0,1,1,1,
       1,0,1,1,1,0,1,0,1,1,0,1,1,0,0,0,1,1,1,1,0,1,1,1,0,1,1,0,0,0,0,1,1,1,1,0,1,1,1,0,1,0,1,1,0,1,1,0,0,0,1,1,1,1,0,1,1,1,0,1,1,0,0,0,0,1,1,1,1,0,1,1,1,0,1,0,1,1,0,1,1,0,0,0,1,1,1,1,0,1,1,1,0,1,1,0,0,0,0,1,1,1,1,0,1,1,1,0,1,0,1,1,0,1,1,0,0,0,1,1,1,1,0,1,1,1,0,1,1,0,0,0,0,1,1,1,
       1,0,1,1,1,0,1,0,1,1,0,1,1,0,0,0,1,1,1,1,0,1,1,1,0,1,1,0,0,0,0,1,1,1,1,0,1,1,1,0,1,0,1,1,0,1,1,0,0,0,1,1,1,1,0,1,1,1,0,1,1,0,0,0,0,1,1,1,1,0,1,1,1,0,1,0,1,1,0,1,1,0,0,0,1,1,1,1,0,1,1,1,0,1,1,0,0,0,0,1,1,1,1,0,1,1,1,0,1,0,1,1,0,1,1,0,0,0,1,1,1,1,0,1,1,1,0,1,1,0,0,0,0,1,1,1,
       1,0,1,1,1,0,1,0,1,1,0,1,1,0,0,0,1,1,1,1,0,1,1,1,0,1,1,0,0,0,0,1,1,1,1,0,1,1,1,0,1,0,1,1,0,1,1,0,0,0,1,1,1,1,0,1,1,1,0,1,1,0,0,0,0,1,1,1,1,0,1,1,1,0,1,0,1,1,0,1,1,0,0,0,1,1,1,1,0,1,1,1,0,1,1,0,0,0,0,1,1,1,1,0,1,1,1,0,1,0,1,1,0,1,1,0,0,0,1,1,1,1,0,1,1,1,0,1,1,0,0,0,0,1,1,1,
       1,0,1,1,1,0,1,0,1,1,0,1,1,0,0,0,1,1,1,1,0,1,1,1,0,1,1,0,0,0,0,1,1,1,1,0,1,1,1,0,1,0,1,1,0,1,1,0,0,0,1,1,1,1,0,1,1,1,0,1,1,0,0,0,0,1,1,1,1,0,1,1,1,0,1,0,1,1,0,1,1,0,0,0,1,1,1,1,0,1,1,1,0,1,1,0,0,0,0,1,1,1,1,0,1,1,1,0,1,0,1,1,0,1,1,0,0,0,1,1,1,1,0,1,1,1,0,1,1,0,0,0,0,1,1,1,
       1,0,1,1,1,0,1,0,1,1,0,1,1,0,0,0,1,1,1,1,0,1,1,1,0,1,1,0,0,0,0,1,1,1,1,0,1,1,1,0,1,0,1,1,0,1,1,0,0,0,1,1,1,1,0,1,1,1,0,1,1,0,0,0,0,1,1,1,1,0,1,1,1,0,1,0,1,1,0,1,1,0,0,0,1,1,1,1,0,1,1,1,0,1,1,0,0,0,0,1,1,1,1,0,1,1,1,0,1,0,1,1,0,1,1,0,0,0,1,1,1,1,0,1,1,1,0,1,1,0,0,0,0,1,1,1,
       1,0,1,1,1,0,1,0,1,1,0,1,1,0,0,0,1,1,1,1,0,1,1,1,0,1,1,0,0,0,0,1,1,1,1,0,1,1,1,0,1,0,1,1,0,1,1,0,0,0,1,1,1,1,0,1,1,1,0,1,1,0,0,0,0,1,1,1,1,0,1,1,1,0,1,0,1,1,0,1,1,0,0,0,1,1,1,1,0,1,1,1,0,1,1,0,0,0,0,1,1,1,1,0,1,1,1,0,1,0,1,1,0,1,1,0,0,0,1,1,1,1,0,1,1,1,0,1,1,0,0,0,0,1,1,1,
       1,0,1,1,1,0,1,0,1,1,0,1,1,0,0,0,1,1,1,1,0,1,1,1,0,1,1,0,0,0,0,1,1,1,1,0,1,1,1,0,1,0,1,1,0,1,1,0,0,0,1,1,1,1,0,1,1,1,0,1,1,0,0,0,0,1,1,1,1,0,1,1,1,0,1,0,1,1,0,1,1,0,0,0,1,1,1,1,0,1,1,1,0,1,1,0,0,0,0,1,1,1,1,0,1,1,1,0,1,0,1,1,0,1,1,0,0,0,1,1,1,1,0,1,1,1,0,1,1,0,0,0,0,1,1,1,
       1,0,1,1,1,0,1,0,1,1,0,1,1,0,0,0,1,1,1,1,0,1,1,1,0,1,1,0,0,0,0,1,1,1,1,0,1,1,1,0,1,0,1,1,0,1,1,0,0,0,1,1,1,1,0,1,1,1,0,1,1,0,0,0,0,1,1,1,1,0,1,1,1,0,1,0,1,1,0,1,1,0,0,0,1,1,1,1,0,1,1,1,0,1,1,0,0,0,0,1,1,1,1,0,1,1,1,0,1,0,1,1,0,1,1,0,0,0,1,1,1,1,0,1,1,1,0,1,1,0,0,0,0,1,1,1,
       1,0,1,1,1,0,1,0,1,1,0,1,1,0,0,0,1,1,1,1,0,1,1,1,0,1,1,0,0,0,0,1,1,1,1,0,1,1,1,0,1,0,1,1,0,1,1,0,0,0,1,1,1,1,0,1,1,1,0,1,1,0,0,0,0,1,1,1,1,0,1,1,1,0,1,0,1,1,0,1,1,0,0,0,1,1,1,1,0,1,1,1,0,1,1,0,0,0,0,1,1,1,1,0,1,1,1,0,1,0,1,1,0,1,1,0,0,0,1,1,1,1,0,1,1,1,0,1,1,0,0,0,0,1,1,1,
       1,0,1,1,1,0,1,0,1,1,0,1,1,0,0,0,1,1,1,1,0,1,1,1,0,1,1,0,0,0,0,1,1,1,1,0,1,1,1,0,1,0,1,1,0,1,1,0,0,0,1,1,1,1,0,1,1,1,0,1,1,0,0,0,0,1,1,1,1,0,1,1,1,0,1,0,1,1,0,1,1,0,0,0,1,1,1,1,0,1,1,1,0,1,1,0,0,0,0,1,1,1,1,0,1,1,1,0,1,0,1,1,0,1,1,0,0,0,1,1,1,1,0,1,1,1,0,1,1,0,0,0,0,1,1,1,
       1,0,1,1,1,0,1,0,1,1,0,1,1,0,0,0,1,1,1,1,0,1,1,1,0,1,1,0,0,0,0,1,1,1,1,0,1,1,1,0,1,0,1,1,0,1,1,0,0,0,1,1,1,1,0,1,1,1,0,1,1,0,0,0,0,1,1,1,1,0,1,1,1,0,1,0,1,1,0,1,1,0,0,0,1,1,1,1,0,1,1,1,0,1,1,0,0,0,0,1,1,1,1,0,1,1,1,0,1,0,1,1,0,1,1,0,0,0,1,1,1,1,0,1,1,1,0,1,1,0,0,0,0,1,1,1,
       1,0,1,1,1,0,1,0,1,1,0,1,1,0,0,0,1,1,1,1,0,1,1,1,0,1,1,0,0,0,0,1,1,1,1,0,1,1,1,0,1,0,1,1,0,1,1,0,0,0,1,1,1,1,0,1,1,1,0,1,1,0,0,0,0,1,1,1,1,0,1,1,1,0,1,0,1,1,0,1,1,0,0,0,1,1,1,1,0,1,1,1,0,1,1,0,0,0,0,1,1,1,1,0,1,1,1,0,1,0,1,1,0,1,1,0,0,0,1,1,1,1,0,1,1,1,0,1,1,0,0,0,0,1,1,1,
       1,0,1,1,1,0,1,0,1,1,0,1,1,0,0,0,1,1,1,1,0,1,1,1,0,1,1,0,0,0,0,1,1,1,1,0,1,1,1,0,1,0,1,1,0,1,1,0,0,0,1,1,1,1,0,1,1,1,0,1,1,0,0,0,0,1,1,1,1,0,1,1,1,0,1,0,1,1,0,1,1,0,0,0,1,1,1,1,0,1,1,1,0,1,1,0,0,0,0,1,1,1,1,0,1,1,1,0,1,0,1,1,0,1,1,0,0,0,1,1,1,1,0,1,1,1,0,1,1,0,0,0,0,1,1,1,
       1,0,1,1,1,0,1,0,1,1,0,1,1,0,0,0,1,1,1,1,0,1,1,1,0,1,1,0,0,0,0,1,1,1,1,0,1,1,1,0,1,0,1,1,0,1,1,0,0,0,1,1,1,1,0,1,1,1,0,1,1,0,0,0,0,1,1,1,1,0,1,1,1,0,1,0,1,1,0,1,1,0,0,0,1,1,1,1,0,1,1,1,0,1,1,0,0,0,0,1,1,1,1,0,1,1,1,0,1,0,1,1,0,1,1,0,0,0,1,1,1,1,0,1,1,1,0,1,1,0,0,0,0,1,1,1,
       1,0,1,1,1,0,1,0,1,1,0,1,1,0,0,0,1,1,1,1,0,1,1,1,0,1,1,0,0,0,0,1,1,1,1,0,1,1,1,0,1,0,1,1,0,1,1,0,0,0,1,1,1,1,0,1,1,1,0,1,1,0,0,0,0,1,1,1,1,0,1,1,1,0,1,0,1,1,0,1,1,0,0,0,1,1,1,1,0,1,1,1,0,1,1,0,0,0,0,1,1,1,1,0,1,1,1,0,1,0,1,1,0,1,1,0,0,0,1,1,1,1,0,1,1,1,0,1,1,0,0,0,0,1,1,1,
       1,0,1,1,1,0,1,0,1,1,0,1,1,0,0,0,1,1,1,1,0,1,1,1,0,1,1,0,0,0,0,1,1,1,1,0,1,1,1,0,1,0,1,1,0,1,1,0,0,0,1,1,1,1,0,1,1,1,0,1,1,0,0,0,0,1,1,1,1,0,1,1,1,0,1,0,1,1,0,1,1,0,0,0,1,1,1,1,0,1,1,1,0,1,1,0,0,0,0,1,1,1,1,0,1,1,1,0,1,0,1,1,0,1,1,0,0,0,1,1,1,1,0,1,1,1,0,1,1,0,0,0,0,1,1,1,
       1,0,1,1,1,0,1,0,1,1,0,1,1,0,0,0,1,1,1,1,0,1,1,1,0,1,1,0,0,0,0,1,1,1,1,0,1,1,1,0,1,0,1,1,0,1,1,0,0,0,1,1,1,1,0,1,1,1,0,1,1,0,0,0,0,1,1,1,1,0,1,1,1,0,1,0,1,1,0,1,1,0,0,0,1,1,1,1,0,1,1,1,0,1,1,0,0,0,0,1,1,1,1,0,1,1,1,0,1,0,1,1,0,1,1,0,0,0,1,1,1,1,0,1,1,1,0,1,1,0,0,0,0,1,1,1,
       1,0,1,1,1,0,1,0,1,1,0,1,1,0,0,0,1,1,1,1,0,1,1,1,0,1,1,0,0,0,0,1,1,1,1,0,1,1,1,0,1,0,1,1,0,1,1,0,0,0,1,1,1,1,0,1,1,1,0,1,1,0,0,0,0,1,1,1,1,0,1,1,1,0,1,0,1,1,0,1,1,0,0,0,1,1,1,1,0,1,1,1,0,1,1,0,0,0,0,1,1,1,1,0,1,1,1,0,1,0,1,1,0,1,1,0,0,0,1,1,1,1,0,1,1,1,0,1,1,0,0,0,0,1,1,1,
       1,0,1,1,1,0,1,0,1,1,0,1,1,0,0,0,1,1,1,1,0,1,1,1,0,1,1,0,0,0,0,1,1,1,1,0,1,1,1,0,1,0,1,1,0,1,1,0,0,0,1,1,1,1,0,1,1,1,0,1,1,0,0,0,0,1,1,1,1,0,1,1,1,0,1,0,1,1,0,1,1,0,0,0,1,1,1,1,0,1,1,1,0,1,1,0,0,0,0,1,1,1,1,0,1,1,1,0,1,0,1,1,0,1,1,0,0,0,1,1,1,1,0,1,1,1,0,1,1,0,0,0,0,1,1,1,
       1,0,1,1,1,0,1,0,1,1,0,1,1,0,0,0,1,1,1,1,0,1,1,1,0,1,1,0,0,0,0,1,1,1,1,0,1,1,1,0,1,0,1,1,0,1,1,0,0,0,1,1,1,1,0,1,1,1,0,1,1,0,0,0,0,1,1,1,1,0,1,1,1,0,1,0,1,1,0,1,1,0,0,0,1,1,1,1,0,1,1,1,0,1,1,0,0,0,0,1,1,1,1,0,1,1,1,0,1,0,1,1,0,1,1,0,0,0,1,1,1,1,0,1,1,1,0,1,1,0,0,0,0,1,1,1,
